Variety	Biomass_S12_WD	Biomass_S13_WD	Biomass_S16_WD	Biomass_W13_WD	Biomass_S12_WW	Biomass_S13_WW	Biomass_S16_WW	Biomass_W13_WW
11430	215.9024912	265.6196201	200.6650216	217.967098	299.6147986	271.4519159	361.541838	358.8164486
A3	220.212057	254.5482994	190.4735171	261.335921	345.5458098	255.1518832	395.1396658	342.4918392
A310	196.5170056	303.4584544	224.59566	220.8983125	244.6531152	296.5677457	307.2653099	314.3104829
A347	230.4816474	221.2648345	192.4857508	201.06937	241.8766907	288.7549651	301.1444247	344.3048636
A374	203.2961775	262.8950884	223.5206076	220.0138109	295.4588258	314.4661781	323.0138942	369.8387756
A375	192.0923466	231.2558911	207.9975116	177.6683072	278.5513009	255.9438777	319.2071109	330.0685694
A554	172.1145218	253.2110537	187.2883577	220.8270041	232.1166681	234.0416931	292.0715976	273.346836
AS5707	176.2640153	235.0034696	218.5804828	210.5403326	225.6999466	287.9445543	335.4060736	272.5445898
B100	180.2254112	238.0026379	201.4958854	227.2115077	263.8069567	312.800507	383.7332761	346.6532961
B104	213.989777	243.489831	206.1710691	174.7285958	293.3093988	321.7647153	302.4665189	276.0935553
B105	211.2216583	259.7891833	211.7837925	194.8122604	289.063397	330.2476144	317.2342835	240.9080633
B106	245.3436635	275.4891181	241.5173297	247.1589939	283.5219134	299.0932441	423.7720783	316.5177933
B107	140.1023429	205.3459527	160.9524314	166.9070637	157.9627037	236.8411991	217.0803305	209.5981956
B108	201.3067713	263.8836001	221.4778917	184.5100675	229.1163011	272.8621251	338.5450211	351.6216634
B109	156.3772363	224.5933008	191.8403496	212.7315698	290.325321	291.5137384	335.8471434	284.4427314
B110	170.8707528	245.7830017	202.9963261	207.7827387	267.9632837	262.3810907	312.9667496	276.9796647
B113	162.1228647	245.1282428	190.7693187	159.7580688	233.6816234	197.7994929	322.0016926	275.4047366
B37	171.2184916	257.615003	213.7926373	248.7973483	288.5172546	274.1997695	382.2865158	318.7463691
B73	179.0833759	262.9946952	191.7932449	204.0397072	209.7289702	284.4690567	323.4923321	285.8374216
B84	203.1209692	263.961257	224.8823416	238.7108478	302.3532737	265.813824	300.4043409	347.6573332
B89	187.8017606	284.8335124	219.9861765	240.3800022	260.217049	260.2331462	253.6865435	323.8342422
B97	223.366011	274.5300342	215.7858648	218.0681533	221.1881921	301.1634292	351.5979295	528.7745269
B98	195.5303911	195.8825363	189.5186689	174.9689044	229.6047297	202.290616	302.3755399	262.3328866
C103	189.8524679	259.7576529	227.0873319	240.8605378	226.1981387	267.7483266	280.4497499	298.0776357
CO109	201.7827877	306.4940623	255.1553117	241.5863042	264.3813621	310.4278878	400.3170443	356.9755393
CR1Ht	279.4662492	295.6752037	211.7652502	237.9706772	301.7017052	347.9208525	361.3792016	378.2001072
D09	198.7301174	284.5740769	228.9561072	241.2528242	301.3253067	336.1937034	386.741695	396.4630849
DE811	166.554855	229.9609723	171.7351531	167.2576526	210.028971	254.7696273	239.6131307	225.3575683
DK4676A	159.6192028	235.8514764	174.1514958	165.0741252	244.4155755	244.6862322	263.5439924	251.676392
DK78010	130.4489253	201.2806195	172.9005321	163.3991772	216.3643901	212.0353689	269.4568572	251.3902408
DK78371A	212.0639773	239.2442878	188.484172	202.3908321	241.1287088	275.5761802	329.5136888	305.9782905
DKFAPW	240.5845424	279.3778867	257.5847591	254.91689	317.5194212	325.7133774	371.774041	382.2608955
DKFBHJ	171.2697091	279.8462401	220.6335801	245.8351874	263.559904	244.7285743	325.9811774	348.211592
DKIBO2	188.7069389	269.8237992	225.8449403	230.671974	336.8297706	328.7739915	338.6220917	369.5484417
DKMBST	210.764598	241.0153001	231.4551169	219.8141916	314.1428359	353.3645409	379.9910684	355.7658774
EA1027	190.912239	320.4713315	241.9509744	188.2599883	301.1286315	334.4565743	390.3428115	373.2099911
EA1163	209.0442843	237.5542099	244.3381374	208.6341813	290.1050506	388.5454268	348.012399	337.5822116
EA3076	211.7322379	299.4548688	205.0009241	228.1816381	288.7573103	344.4455959	369.7140838	349.1449259
EC136	207.1907239	253.2720639	226.2416531	218.9672089	288.8898092	284.231025	336.5813879	320.9059738
EC140	199.2875782	253.4108501	230.5521174	206.8440121	292.7732684	288.0686958	364.2460323	290.1890483
EC151	187.6831003	184.4586542	208.8681095	145.5523461	206.4106609	206.1316366	254.0174345	221.0794076
EC169	141.7017859	223.4258958	218.7174764	218.9690401	251.2058657	281.9413937	303.0206783	294.0999821
EC175	167.21848	238.063819	209.4522528	209.880846	291.9399331	317.2542307	320.7061865	311.6663179
EC232	187.7108576	259.5148452	222.9466884	208.5782866	297.408864	262.4810134	371.0476911	313.6271951
EC242C	196.4717891	275.7172704	213.6938717	205.7785098	273.9586255	304.209054	344.9445251	311.3992597
EC334	228.0105375	218.4363321	200.9252304	201.4445606	246.2252172	244.0406712	257.6639305	252.1801457
EP10	268.3965927	328.8376666	283.1780575	257.8198888	398.9410929	397.130413	385.4187834	449.5825366
EP2008-18	242.4882136	283.7597168	226.5063933	227.1733291	262.7102676	303.7853712	311.6947409	298.8851853
EP2008-22	231.7364441	226.6318182	216.2614832	187.2815198	279.8391282	241.1055514	368.5188836	311.0399269
EP29	193.8549362	272.0964565	221.5917357	194.4806163	235.6477079	251.3954136	285.4497315	258.2126744
EP51	173.44072	283.6472866	222.6722576	215.9129225	241.3560916	332.2181469	406.8861112	322.3702598
EP52	240.9852434	282.7515314	237.8476329	271.2304987	299.2546904	363.2183332	406.7040676	318.6743451
EP55	198.060202	237.8919572	202.1695761	203.8340281	253.678748	303.7708429	264.7336201	270.5919056
EP67	146.6142454	262.5626621	234.3766587	233.7698244	279.7256207	352.6650156	345.7177343	403.5530814
EP72	151.9322505	220.7419181	223.8577948	244.5067681	233.1014853	307.9610629	353.0257122	337.8462567
EP77	286.3465976	329.5884233	247.7277617	285.2888644	344.8978778	457.1804313	437.0197836	425.2636917
EZ11A	220.2005256	167.7937415	193.4136023	230.7554905	205.8538185	250.1680498	251.5940175	275.7599676
EZ18	198.5742832	114.3534233	225.5150042	201.0339272	273.7520091	354.112761	301.8191072	285.8531905
EZ31	232.0009436	260.2164145	224.597932	253.2133757	295.8719444	327.012857	375.3297839	307.9246049
EZ34	187.3494115	275.3720799	198.8912428	217.5654793	274.6412224	293.3070736	355.6556564	297.3850815
EZ35	195.2503481	215.4647703	199.8204294	192.2724631	267.63989	233.8723418	330.4936807	262.5337365
EZ36	164.860971	218.6426995	195.1280368	143.244856	247.1138494	265.025268	337.2621182	273.3778658
EZ37	205.6676377	233.1164209	197.3457284	220.8007963	219.1460069	229.8228197	299.4919473	282.5218745
EZ38	190.6564203	248.3640851	207.2698624	223.1215062	302.5589546	300.8420938	357.5166891	296.1437657
EZ40	216.8002827	220.9189111	223.4864918	191.2207919	219.2501681	218.6639447	271.088104	254.1641747
EZ42	210.0765461	248.4562567	202.3508962	227.5308985	233.4895944	245.7703398	277.5371133	256.8482667
EZ47	207.6688687	226.421677	245.5531628	217.6593201	286.4114775	335.5499667	417.4203379	414.3791285
EZ48	231.4916692	214.7422829	214.6013694	195.4185976	262.7258344	254.6044698	306.3698138	364.1019916
F04401	118.2473331	171.6895816	151.9470383	152.0127219	182.1244317	266.692692	259.5824685	283.4214368
F04402	174.255607	239.3507008	187.7019067	202.6506532	269.5270954	208.1555494	307.2704876	279.6367456
F04701	180.1043197	209.8715434	196.1728152	170.7341739	238.3805887	293.3328188	302.5109233	247.7679669
F04702	239.0489877	260.9302738	215.096383	224.1560646	244.7635066	261.4188232	353.9730198	308.0292983
F05101	198.8303379	293.0108713	244.1834727	216.9218947	300.8180457	302.3711603	348.9703433	374.2463965
F05404	195.5142121	216.2651109	201.5481068	198.6940218	234.5774231	237.2294086	327.1191266	307.2700516
F1808	201.4091044	237.6848415	193.3849541	212.5290497	264.1951952	273.2992348	308.1016379	364.6246245
F1890	254.9933723	249.9013198	210.4785087	175.0483516	304.4406283	248.7670075	330.5310693	360.7849449
F218	213.0534975	251.4899428	207.4069234	224.2529038	263.9915282	313.9409346	323.1610685	363.2529768
F252	189.335845	238.7629544	207.8338611	206.3383092	250.4937968	330.9217128	343.1415968	312.4347471
F353	212.8375514	246.2474285	214.0806698	206.6766519	291.2753203	313.4513181	376.5323704	296.5366841
F354	157.2084117	235.3139496	177.7339231	212.2532723	212.725847	202.0199002	285.6074089	269.5199082
F546	176.441466	197.6063383	210.026216	161.4108767	262.7542341	291.5215797	322.6899937	234.0374834
F608	168.6623544	244.6745471	216.6303861	180.0395659	256.0169709	236.3091492	381.7071516	294.7685187
F618	208.9441412	261.5051421	216.6279786	231.5252371	285.1075512	279.8892766	304.0418083	268.305651
F7001	177.7609211	216.3834475	211.0005727	165.4323706	248.5152668	255.8431494	331.4828781	318.513478
F7019	247.1109147	309.0460196	218.4319925	271.6903202	359.914427	379.0333829	411.331444	334.2601551
F7025	209.3964503	227.4108473	202.8512651	203.9576126	303.0027825	308.2191377	334.9275653	315.117939
F7028	188.1631737	222.7798525	193.4034008	183.3265554	229.5214831	264.6877364	353.8564322	290.7879224
F7057	230.080352	233.2034899	216.41582	191.5398107	251.5571515	256.9093393	342.515795	306.2271055
F7058	210.7764685	233.1155306	186.9914835	247.3407731	241.8849548	300.0229563	374.0313377	327.2095347
F7081	215.3896222	301.3441589	232.1941481	261.0049863	341.3777766	359.4008338	463.7357914	469.9937874
F7082	198.9171595	244.2327289	224.4779523	217.1248583	261.2040513	289.7305909	340.5777269	381.6832101
F712	180.9771448	191.7069243	213.0939657	202.8476498	228.9385794	246.0614738	339.8120804	339.0158819
F748	198.0302954	235.190986	200.0740893	224.0904827	286.1867301	293.0724918	283.895232	278.8437258
F752	202.6128198	221.435088	203.5949239	211.3195324	253.2964063	185.2481719	308.2357142	312.6079996
F838	195.6662942	270.5899328	241.052725	228.2208671	286.4475177	279.9663777	393.3137595	338.8646286
F874	228.2164673	260.4835958	208.5138078	254.9985697	326.2706314	333.2724172	308.7675808	347.0642348
F888	221.1645387	279.9523721	241.6497604	253.7238963	325.7648403	295.532528	291.1180669	496.6217214
F894	175.7099322	235.9902578	230.555881	226.1586706	243.2896807	248.8680809	280.1735114	283.0519522
F908	173.0204902	224.3282942	186.0637765	191.1060973	311.2458523	247.6784255	315.6288286	287.1384693
F912	220.6918773	226.4589341	209.8544103	256.1409771	261.8239125	290.5460425	385.2260105	366.9090747
F918	206.222198	263.2100727	233.8051842	231.3727338	293.4056223	359.5979759	298.7225637	409.4351585
F922	180.1970409	197.8775518	191.691654	214.1632871	275.6110115	271.5087842	373.0706882	373.2665283
F98902	166.5078481	293.8440823	180.4966001	240.5501636	248.2961386	310.1288498	345.9406677	355.6830086
FP1	280.7644094	307.1953239	231.5118192	261.7827059	347.64524	418.6703097	315.4705094	390.4120706
FR19	160.988096	238.8684245	199.6410408	194.7320378	273.1373507	269.1041623	260.6416863	306.242764
FR697	177.9609156	224.9790574	176.2963236	189.6694158	251.2247192	258.9095145	280.89837	248.7800011
H99	187.3565955	216.0646601	192.8580277	217.9184862	277.9631996	271.2413201	375.5863647	320.4956376
HMV5301	181.885443	217.8414276	190.9288219	225.5960087	295.3098916	326.4027764	265.4119957	383.202874
HMV5325	170.0815526	221.2070645	192.460564	198.7540458	262.9997544	288.2654122	336.3783235	311.778465
HMV5343	212.7295327	248.7268473	230.3721401	195.3328997	260.955109	265.0966624	342.8402958	277.7980315
HMV5347	216.0778442	235.350986	216.785097	223.5354204	242.9867684	305.6587873	329.0530159	398.0731347
HMV5405	190.4946792	218.0502394	200.8465915	189.5076144	228.3439388	258.6080689	284.0341492	340.0294325
HMV5409	190.4577118	221.9934829	198.7632651	231.2909795	298.5654432	284.7379332	321.8682973	319.6495531
HMV5422	160.5197737	236.1421328	203.7479573	182.0452045	252.229986	274.8231984	372.1615442	317.75749
HMV5502	170.9299353	221.7551394	218.6136295	199.8353629	268.1509306	396.1167315	328.4656968	280.0277118
I198	222.6758657	232.8399564	213.7259028	217.5921402	258.2323025	349.6486647	340.0585516	317.0033901
I205	178.0096566	192.354238	166.8984451	166.7953783	214.0669484	182.6837208	254.661764	215.2127115
I211	201.616856	249.6144897	225.4301902	225.448293	270.5127764	326.795942	349.5379755	340.7400245
I238	177.7782723	223.1370282	205.0940496	206.7228782	251.7204349	268.7429087	316.2138658	305.8998714
I242	177.2209625	252.0232547	198.3372489	241.99765	261.5285774	286.4858869	277.6289359	304.5748489
I261	200.5458569	213.9324677	188.7029894	182.1060353	249.3196593	285.4244366	264.5882159	290.4456584
I267	212.7547882	253.514167	230.7079416	237.7650138	310.7618989	332.2156732	314.5238999	346.962904
IDT	146.4719711	278.4995166	216.2249637	193.6908627	289.3932309	313.4260966	328.0588362	305.877295
LAN496	213.4616628	245.7557522	227.5889223	210.1397943	285.1180532	303.084209	402.8859305	311.0820568
LH123Ht	223.1339065	237.8837188	221.3518955	242.9162014	285.7157664	285.9906045	325.4278188	333.3924817
LH145	201.8169209	219.6460744	207.6471029	218.2910233	253.6497688	252.8854453	301.5866095	255.948777
LH38	205.6174243	254.1212724	225.6424251	199.6534039	302.1044446	311.7232949	356.685872	358.3506364
LH39	236.7630876	242.8122322	217.3202836	231.9438592	311.6145363	275.960171	380.6329248	268.3690514
LH59	175.7770016	204.4837526	186.4164294	199.6493312	226.259702	286.9558523	355.0634852	285.6044742
LH60	150.3622735	201.1844445	198.6234918	194.2454585	221.507169	245.7132545	266.6823256	293.723592
LH65	175.5540172	263.1639788	195.0465094	180.2105298	277.7741703	203.295862	310.3922067	303.917616
LH74	154.4777626	189.8174207	166.2261994	188.8060329	230.2865879	240.2258105	270.6719879	266.2506264
LH82	165.3476176	231.9657107	178.5299946	174.1608576	223.7620231	245.8116191	321.2154434	303.4295508
LH93	184.9148922	209.5385161	189.0925559	197.8939463	222.2182816	248.8050715	295.2486155	293.2138149
Lo1016	219.0937281	257.289086	217.5415133	258.1413708	272.7220598	324.0845353	320.2886238	331.4943487
Lo1026	220.0932989	259.8485158	226.3131337	249.4710192	269.0817045	326.3722581	328.9886134	347.392429
Lo1035	193.8206599	218.8430264	218.1285981	207.5294794	249.5382039	281.8028896	330.9324687	324.4619262
Lo1038	171.1364337	199.2470072	171.2159347	179.2450929	213.8525111	207.8834663	326.3650363	228.3050561
Lo1056	205.1826299	226.3184655	244.4278764	192.560566	263.8590081	281.2094402	407.5043009	342.9223322
Lo1063	196.7712061	192.4610299	184.7113903	181.5550062	219.2851668	206.5300626	293.109055	246.6726114
Lo1087	153.1057905	195.3762018	185.7744832	142.1043166	192.6224431	238.2773065	276.7742753	282.754402
Lo1094	224.645255	262.952329	213.3578296	228.5915598	248.7763363	255.9952335	339.8511739	373.2656046
Lo1095	191.9751127	249.9226203	205.0613866	222.7688915	259.8465521	205.5905086	332.1854072	328.3372818
Lo1101	162.8498034	232.5502714	210.9434863	189.0756577	217.6053529	311.7939021	276.4529123	285.3009811
Lo1106	160.7000269	214.5761245	200.6273873	215.4175472	222.3646843	272.044433	316.3831553	301.7655938
Lo1123	226.9404371	265.3728758	212.4537908	243.6619622	308.0748796	333.296954	350.0934575	371.9081781
Lo1124	176.6475956	255.477524	192.214356	187.4770972	216.1043573	263.9627028	305.1340642	248.2728807
Lo1172	184.0424653	286.3332671	234.7596648	230.1287943	255.4556901	316.0223987	387.9588035	381.5004398
Lo1180	169.4145315	271.877068	190.275482	190.4211637	246.731482	298.2261007	329.0238876	278.5438933
Lo1187	183.6617351	245.5322341	198.5301752	221.0631225	251.1326202	246.199504	264.0805296	322.5129718
Lo1199	176.3556592	258.2026048	222.0427321	204.4429823	227.8521129	297.5014762	355.9192733	321.4183421
Lo1203	190.5506226	193.3708609	205.3433055	187.1393721	237.0579497	219.6006284	308.706981	270.5458102
Lo1223	190.487503	279.486631	210.6651667	262.0808382	253.5771658	346.3152654	334.946303	359.019561
Lo1251	171.2722303	230.5740191	198.8638049	188.9981453	242.938613	308.4187942	351.5314259	275.9061613
Lo1253	182.0068454	250.3742885	247.2525061	189.2435974	306.3267813	351.6201718	373.5195149	359.8556216
Lo1261	169.4650293	276.6701706	223.1274574	214.520081	206.4795421	276.8478044	338.1805581	282.8868705
Lo1266	218.9933367	247.5942683	225.3000679	207.7480697	305.4865557	243.2997022	325.4625239	326.07735
Lo1270	196.9774698	246.9868059	215.6307479	211.4907721	253.5320751	284.0710555	365.9662129	337.4492773
Lo1273	256.4985141	284.3299887	224.8518478	234.244127	279.1068073	303.8786719	314.2473225	343.5776551
Lo1274	214.744547	270.3691128	218.0881039	197.0963838	258.6082685	331.9572231	363.3145875	343.8269663
Lo1280	199.8487829	228.2235267	193.1966827	209.4292115	215.9341121	229.3376192	325.2041056	266.5811213
Lo1284	191.3075427	213.2630593	227.4747347	220.6949701	300.0196928	247.2656492	309.3415843	255.8282713
Lo1288	182.2630125	251.1844467	186.5022141	168.3918456	218.5306748	254.4837878	293.4534862	229.6665684
Lo1290	193.6848934	254.661702	217.098852	190.362939	232.7149335	350.0369854	361.5174477	331.1510499
Lo1301	184.705472	216.469328	205.2863235	216.6706324	262.4619656	245.3781764	254.9478838	343.6384984
Lo904	188.1044925	244.5336038	213.6220843	226.527106	253.8877142	291.6332219	301.0927577	319.3257986
Lp5	191.7354882	244.011817	181.7798453	229.0605285	294.9816795	336.4574966	327.2087642	365.5863244
ML606	179.925177	271.4899927	217.1792917	259.7750272	291.4031899	345.7092119	351.5178952	352.8876359
Mo15W	158.2057162	284.3411917	228.3170665	235.9718805	210.9301238	227.2798513	307.4788765	245.9171034
Mo17	193.0580978	212.5577915	193.6274547	213.3964067	262.518859	276.1784075	285.9154274	326.8116221
MS153	211.4030306	259.7629796	244.709591	232.1455117	313.2143689	302.2206143	375.5327385	384.7632906
MS71	213.815012	227.18562	202.4361943	193.4833486	258.6536368	287.3259497	318.2346627	324.9732848
N16	146.7717917	185.5534862	189.3056811	191.5057424	238.446067	227.2056165	229.8816198	307.2928274
N192	201.1910424	245.2063105	212.403917	211.3154829	259.8975034	282.9549037	283.9581447	275.8811543
N22	152.8488766	183.3931807	169.2869673	184.7856626	250.5888548	224.5721772	315.7176192	250.8700612
N25	172.1464194	244.5226226	193.2282643	126.880627	247.5373657	268.5500844	309.3768319	251.4095666
N6	202.2525313	228.1906904	207.6514408	188.8501162	271.0816781	286.6366752	320.8580735	343.0703105
NC290	167.325821	226.7029515	204.7683499	177.4875106	252.7688863	284.589874	316.4959979	272.7372532
NC358	199.635145	240.2248082	209.6612574	227.3597505	249.4277905	273.4728568	326.1658906	333.6670611
NDB8	134.1627901	225.0887864	210.9827715	171.5253715	221.3129614	207.5239224	290.904378	268.6400884
NK764	193.3022688	217.1639515	201.0059218	210.6433572	236.5407972	265.4680793	291.6475844	252.9847139
NK807	226.7278788	244.6612334	227.6071495	231.3950169	304.1256384	325.4053027	393.0071731	328.4024132
NQ508	207.7332866	246.7351448	195.5946779	232.2711813	254.7241972	306.6327614	387.8818899	323.7207468
NS701	207.5436507	274.6135407	229.1136256	255.5089297	265.8131308	318.1214246	306.3732981	350.6248258
Oh02	212.5924257	266.4968392	191.0957543	164.4249996	234.3165269	287.6048293	320.3402684	352.3255414
Oh33	235.623785	288.0186351	229.6510631	269.0752341	314.6020643	359.5888499	462.6324132	370.3671938
Oh40B	213.1174433	284.2731266	218.5375035	229.8543724	333.6828667	345.8350992	355.9186462	387.3502119
Oh43	277.0832733	277.537062	222.5557928	203.9122269	296.7266946	332.4596083	363.8482063	388.3170043
Os426	207.9829456	264.1902405	236.0411697	220.5763232	293.7230966	330.7462936	335.8940297	377.2234997
P465P	202.5253942	315.6551131	204.6499483	246.6052239	279.6699358	298.2483769	298.0608221	352.6330317
Pa36	205.4309269	254.2447055	208.5151457	189.5523135	278.3657829	263.5747723	304.5939229	312.1229836
Pa405	197.0611495	253.6198973	183.7347414	177.7545555	263.0677849	281.9181941	294.2536602	303.7825845
Pa91	209.5572268	243.6481335	210.8952174	193.8225403	302.6404684	284.3226716	360.0502469	362.8458121
PB116	177.2227957	207.7684208	213.0721841	204.6729588	272.5871076	273.7615396	284.3522418	276.0665685
PB98TR	207.7229263	269.2579463	219.3890808	166.5354915	248.9662629	305.2225963	351.4611749	347.1130474
PH207	122.1147893	197.7278308	192.8636997	182.2347781	180.5066104	275.7105867	288.0114281	250.5465325
PHB09	198.5524743	271.7519684	208.1740475	222.3287244	250.3632392	278.3030855	386.1395896	345.4846222
PHG35	181.7446323	216.014066	210.0204651	225.9306121	203.7673337	230.3037467	310.7918267	250.3161026
PHG39	238.6352149	265.5509754	217.1947428	229.8522178	324.0611142	299.3511688	319.8755339	309.2127235
PHG47	193.0105106	234.1969404	191.3379251	185.3786047	258.8496112	256.8615735	380.7110838	271.2274778
PHG50	164.9377836	235.0509543	198.1334537	202.9135278	260.1846535	276.7234194	325.2010145	350.5024838
PHG71	207.4435855	259.2345369	207.0844445	227.1575235	283.5065121	264.1254791	292.1723075	319.9006619
PHG80	174.518723	251.2515247	196.2083159	212.0891576	284.8324797	251.4775917	299.6800166	315.1435065
PHG84	211.9814636	227.9489236	182.988821	203.5237579	210.2450418	195.6060496	252.9445393	369.3632845
PHG86	194.0302061	208.797306	199.9107169	203.4336629	268.8978774	272.9930724	309.5107089	256.5270131
PHH93	153.80779	225.6288056	178.3734291	232.0003199	251.6795639	282.16904	332.0528064	307.5911001
PHJ40	197.9607622	245.153806	212.9722147	197.6303312	280.1523586	257.8210443	309.9009621	331.0255243
PHK29	231.9573104	257.0257574	225.7559695	250.8123907	324.4833835	325.8602213	370.9251923	313.0950099
PHK76	188.7660007	228.9896057	211.1573686	210.8332902	221.3480074	200.5875129	274.3814366	244.7163287
PHR36	189.5643091	239.5441378	231.2566583	211.1212228	311.0478194	308.2878129	331.4583943	350.8244503
PHT77	187.1175118	268.207345	210.641263	212.2986373	300.128185	338.4268456	380.4374462	316.7923338
PHV63	202.6915842	235.6076741	225.216676	194.165619	300.1667244	284.2621752	323.8098717	332.2313993
PHW65	176.188368	186.4646076	189.9184402	186.6899341	190.531697	217.1369424	316.8671043	254.7718778
PHZ51	211.4180239	263.6665002	219.553632	232.798963	320.1582276	390.9563011	369.5882279	404.8204892
SC-Malawi	244.5068652	337.9829087	270.7219981	305.6972468	333.2636872	443.7046843	364.2370806	405.1425011
SGI061	151.0639896	235.6270105	186.8388477	202.3868322	254.2468803	280.5542907	328.2773372	255.4771658
UH_2500	218.0673579	242.7529788	212.8816689	193.8587673	239.7546892	229.7827373	336.1299036	328.9678386
UH_6102	180.1763054	275.1506764	203.6679448	213.2527703	266.2710647	328.2314993	295.4128284	339.7883029
UH_6179	137.5497206	257.5866991	200.2624285	176.2377391	281.2709649	240.475427	341.2827487	297.8733729
UH_P060	188.6126472	280.4440483	251.4141789	264.0641309	345.5578325	334.1935707	374.2333717	345.5655088
UH_P064	185.8057604	234.8824571	197.7257157	171.4739491	262.849247	313.9102769	360.0359586	334.8179747
UH_P074	178.7864883	207.2611223	210.5143885	191.5217325	234.7448348	256.8130596	372.7560923	291.0101657
UH_P087	174.8741271	227.9187909	194.4755013	171.9664581	199.9845885	252.2992403	296.0618521	248.9728505
UH_P089	210.7696194	237.4979353	221.8883283	191.3319277	239.3538033	296.7217839	389.9176418	254.4964525
UH_P104	181.0515329	253.876391	229.8068773	246.8866512	297.5217347	315.7241159	417.8417682	379.5885494
UH_P115	187.1605028	237.6371737	208.6784047	206.3561358	286.29806	296.5772373	411.2531501	452.0162946
UH_P128	180.011339	222.3816075	212.700169	221.0146199	264.3609145	307.8353768	365.835788	316.5281027
UH_P148	144.7053321	229.0616743	198.692361	184.6752763	221.3023283	222.000269	340.6632255	332.5810061
UH_S018	169.8461662	235.2586355	199.1559549	184.1317193	260.1119058	255.5978421	350.9368976	327.5252123
UH_S020	187.4630133	286.3828174	207.1065231	182.9969775	275.5089896	268.5151376	344.0649378	358.8606472
UH_S025	177.7504493	291.5055967	257.2590205	250.2350029	315.2815289	379.0755273	395.2576361	350.6110141
UH250	224.5273793	250.310989	229.86798	218.7999916	313.4096255	394.2914384	340.0799982	364.8183107
UH304	132.1042409	224.6879254	189.490809	123.3114693	220.7926599	279.0271583	386.6911366	305.6505426
Va26	207.6623053	273.5939672	237.4451086	202.4936641	327.805859	353.9011698	366.0023724	350.2071135
W117	225.1931047	248.3224691	237.2230131	213.8290515	314.2996502	331.7357997	361.4545275	341.7699356
W153R	189.2993605	215.1414374	212.1954425	230.0974279	256.5381395	342.432411	332.1717763	345.6316295
W182E	174.638371	262.8939518	225.6418903	223.9761055	235.5767945	319.0996213	336.7007616	326.4979112
W23	194.9745041	255.2133977	211.8807739	198.2328575	230.2627428	243.4833304	362.6282247	334.4911897
W602S	220.4514407	181.4982514	205.5152922	224.5373224	226.4197032	258.2232555	272.2396659	335.2371736
W604S	223.1465638	241.421443	202.962269	218.8576707	272.9529598	297.2996403	367.2263581	281.6730626
W64A	206.2005504	215.1298187	166.003974	197.1232908	247.855024	267.7391066	348.9410047	260.951864
W9	127.8415108	224.7318211	162.6891166	155.4704042	203.3864744	264.0479233	267.2558314	240.9483936
W95115	171.9097801	238.3709051	184.1245273	221.9012606	277.1982051	334.0063954	328.3145167	326.1826359
Wf9	206.3984509	320.1727296	222.391088	239.0744244	256.5520189	311.3414259	349.4433025	367.911988
