Variety	WUE_S12_WD	WUE_S13_WD	WUE_S16_WD	WUE_W13_WD	WUE_S12_WW	WUE_S13_WW	WUE_S16_WW	WUE_W13_WW
11430	48.74830055	42.18740806	68.7860166	71.5830819	51.8419342	48.68186436	75.45687215	79.57146806
A3	52.87363633	49.63815634	63.41395707	80.79928757	74.28078763	48.39893298	81.54411206	80.13193199
A310	59.1719731	57.8964576	75.98960963	80.11184327	74.9837496	53.29430185	91.83663613	96.84753722
A347	51.62270623	46.30868465	62.0199263	57.98730145	59.82881043	49.27662768	87.58871527	81.51528194
A374	51.3364912	42.68507238	68.33037287	70.79617762	64.07374195	52.61290449	78.63345834	86.95234751
A375	45.40868336	48.32589525	71.32200913	67.52557992	63.79699126	47.38060424	77.53318416	84.85418734
A554	48.62881772	44.99534951	66.88780332	76.47912755	67.66895343	48.21318156	70.26583601	70.22061191
AS5707	54.30970742	58.19916565	71.0736619	87.94397814	64.76622478	59.02957785	88.34821596	88.60134478
B100	48.33912805	41.68338795	68.37503562	78.17801052	61.18455796	48.90535878	78.12797477	86.51201159
B104	47.877703	49.78632824	65.92520757	74.22884922	59.0789782	47.76772914	73.85790107	73.73379367
B105	47.82824332	53.75888471	67.71664245	76.50227308	58.03133414	51.05775976	80.88281575	76.24863923
B106	51.95710954	54.78113391	67.086734	85.69499746	61.18462661	48.66097239	96.32358502	97.37060608
B107	71.08775011	60.33146629	81.19065312	91.81448629	78.57816519	62.32833518	95.23822696	84.88462069
B108	55.79725038	49.90944884	71.36361386	77.95870971	69.86204307	59.82882028	80.17427709	85.69179814
B109	55.39298204	50.13413324	64.4807568	80.04451422	65.33597822	57.63631174	82.57015126	73.29491594
B110	54.84938114	48.46186527	67.92306308	67.98362084	66.11501476	47.59276563	75.94044537	78.6775641
B113	60.57481771	50.04949345	68.84970454	75.43623133	66.00715533	48.07772019	83.76236084	78.55491416
B37	65.07732039	54.85768383	74.83469148	86.90622975	66.98537419	57.61655956	84.92400736	88.23295843
B73	50.60134384	50.99257453	72.23003694	62.55437179	64.05060444	52.64297376	85.7193561	70.68532564
B84	38.71521266	48.81509028	66.53385808	76.50961173	63.39120933	50.74309699	73.21379497	89.24078205
B89	48.63844247	51.21946887	68.20557763	75.17986574	62.64328279	44.7764813	71.43284215	77.24883983
B97	49.94666132	50.02230803	68.0603621	67.23026344	59.34277256	46.25878753	87.65048103	95.01935324
B98	43.16085177	41.722637	63.06800493	74.02766776	57.9444508	44.88604567	76.1884498	83.24289304
C103	62.1777172	63.02874395	84.40856804	89.58506078	71.5975942	47.95629718	84.90508396	97.04556897
CO109	60.08715464	54.76240166	82.00500109	91.87838058	68.36454065	56.49454093	97.78086265	89.87117706
CR1Ht	57.47243039	54.07666624	70.29942808	84.62420077	70.88179479	52.84473214	87.13665365	85.33425092
D09	52.57441085	48.3810553	77.50208524	83.63009713	67.9573799	54.71762276	87.06855033	102.3568062
DE811	50.56629471	58.12650965	66.24668976	66.50827496	68.65815175	51.55277282	81.83763772	67.89867848
DK4676A	70.13147923	55.57117341	69.163998	100.8671954	64.34851959	52.01241231	79.10054885	86.48248952
DK78010	69.79886344	49.30039802	69.33769733	76.71047005	67.44685932	54.39697899	78.50376295	83.90984769
DK78371A	57.90862086	49.76956876	72.49887145	83.75551856	66.83454961	52.99555902	77.6383811	101.1538284
DKFAPW	60.00387231	48.79523801	59.57890023	78.70172556	64.13535399	53.04562309	77.35275747	75.66946998
DKFBHJ	53.7814341	52.35135241	65.55807625	79.91757743	60.39729096	46.59571533	80.61292655	91.08892109
DKIBO2	54.9965426	44.60973593	56.81899126	69.97129016	65.07035327	47.87879116	73.75167733	84.81228447
DKMBST	57.0727135	48.94358309	62.42890489	78.88533111	61.87331999	56.64179119	86.01267144	90.38534598
EA1027	54.20041179	57.02766335	72.2124691	75.33678358	66.54492367	57.00099898	87.10002298	88.71399706
EA1163	55.12074204	46.88515509	68.08465739	69.67262236	67.28638387	50.06432268	83.02423554	77.30851228
EA3076	52.1977828	50.41897831	66.66182907	72.03500793	70.36063497	47.03864567	88.8137904	78.30494791
EC136	58.77246906	46.54122658	73.77151919	77.30320552	75.04990498	52.39499248	123.8595309	87.32016942
EC140	49.79781098	46.14668599	65.33480118	76.22134519	66.83940975	52.69767265	87.56556287	77.2271311
EC151	53.04188345	51.28101773	68.91423883	70.6945266	59.042127	44.90603509	71.27356055	79.95543072
EC169	44.92170187	48.39240764	73.58229027	80.06849785	67.35005675	51.14112498	91.7297769	92.66475161
EC175	48.36376324	48.56317542	70.98703882	77.79369367	62.4353815	53.45471132	75.106266	90.29821416
EC232	53.57380311	56.57474692	71.78657972	85.77548036	71.78774013	49.44845163	94.5231259	85.6144055
EC242C	59.49460848	53.18041336	71.16562552	86.58278153	64.37752021	51.49377153	79.20566608	86.4385035
EC334	46.09260084	43.64376156	62.87765555	67.93394505	58.03964807	44.32637543	68.14459636	61.26195849
EP10	55.32915631	55.03275376	75.704262	89.48331377	70.00664043	55.19243522	84.03916543	101.7807808
EP2008-18	57.48284988	53.54466134	69.59758544	79.40113589	58.8471339	56.48285153	93.10486024	84.73660884
EP2008-22	50.93590021	54.12706097	72.15018772	82.69558525	63.01737732	48.71601166	83.29327351	85.3854061
EP29	55.6351214	53.21441268	70.1259841	75.91007346	68.10846195	48.49667415	76.64644008	74.67790827
EP51	56.92523485	59.05545716	69.77436724	85.88452071	74.01490373	56.19071944	90.67299723	86.19400521
EP52	53.80866533	51.79456816	71.49099925	85.86824204	69.1527241	53.17405607	88.28754192	75.84419909
EP55	57.40368721	51.30472818	71.00761485	72.94222574	70.82690303	51.84030755	77.38568353	78.55364714
EP67	64.6023578	58.28881565	74.55419379	91.08423393	66.95450259	57.98566822	86.97865513	95.99332175
EP72	64.55345897	60.06342957	81.4436543	84.01704739	65.39946966	56.40983772	91.77535203	99.02604405
EP77	57.18538011	51.54697956	72.41724334	90.2422396	68.92633406	53.14324439	89.32087057	99.31969962
EZ11A	54.94022123	59.30185396	84.22290074	98.79179127	70.97511171	66.80318705	84.8087586	95.32547458
EZ18	57.44095192	71.22001148	63.69674163	80.63815778	66.72235204	53.51266647	89.16788873	86.24802892
EZ31	48.28707366	44.90520273	66.47384747	70.2905845	61.2797312	54.73587506	72.10883246	82.95928166
EZ34	63.8411131	52.00444348	62.71427823	85.60231279	63.52233221	51.39323118	79.12164838	88.29805345
EZ35	55.31000225	53.55479431	72.04767955	80.04659542	69.6758966	51.47292395	81.93060777	84.81288588
EZ36	63.75156794	45.81079436	64.25293423	75.01320678	69.85434821	51.78488158	82.42887506	74.13582831
EZ37	52.34397381	51.5707229	70.51419833	68.25718667	66.2558398	43.43205358	75.29971381	92.4594588
EZ38	47.53996013	52.84927403	68.53168855	63.509317	55.45662898	47.28370633	81.25872437	76.01038682
EZ40	55.65094493	50.07627041	72.82604563	77.86804095	63.80487275	49.61091965	74.57722819	72.26242428
EZ42	53.11743892	47.62416676	68.05738401	75.54409519	62.94973067	46.99311045	78.2410809	75.53218708
EZ47	58.84787938	62.563595	81.58098299	92.70864258	69.01579575	59.29349971	99.56790582	99.96586361
EZ48	47.40024323	51.36259206	71.6548099	64.7182848	61.64599674	55.97839561	79.62283945	91.02293015
F04401	61.94435051	38.93416853	68.09918635	64.10038033	56.19086551	43.06059533	78.81411817	71.83593548
F04402	51.59995951	49.01492434	69.07007368	73.45987995	64.87369468	44.132625	78.63871889	72.76139371
F04701	48.4036259	51.50908847	77.65699633	73.94978298	60.43178001	49.34805344	86.51512625	80.01074445
F04702	53.41981296	47.99808761	70.83416645	80.53048633	63.49742191	50.88229186	76.50812826	89.56336776
F05101	50.18893605	53.97594705	66.34556109	72.5805837	64.12561702	53.1916918	86.76296653	92.38008867
F05404	61.69214313	49.31909979	74.01596016	65.51449075	69.54942071	52.17419909	84.01435317	92.93652229
F1808	53.6261448	46.01209953	67.62717844	67.58735102	72.39699288	47.13880607	77.06206986	80.95888957
F1890	46.04449352	48.85129096	74.52485596	80.67814051	66.65268086	46.03047459	79.14219809	87.39673017
F218	58.55047374	48.48399202	72.65444345	90.07918699	66.30761039	52.86269033	79.06967245	87.38568166
F252	57.78296551	48.05488275	72.23056076	73.5714379	70.02573499	50.02866431	76.36476151	82.49424684
F353	47.14806156	42.28115561	67.30247498	67.63858947	69.23952937	46.26107365	91.66657943	69.34941854
F354	69.10065438	59.27567528	81.69333912	83.08521064	69.95730574	38.61670168	99.42461465	89.46206292
F546	56.3694467	41.05063572	68.97641015	86.16737767	66.71470948	56.04284047	83.83416814	82.04961741
F608	51.71395375	44.79544229	74.98142977	70.24688168	60.13706927	49.31179909	87.64747074	73.87037029
F618	62.79870569	45.55479403	77.12400111	79.27529988	62.68733376	53.8511659	82.782213	77.70596493
F7001	49.57009207	51.2684723	79.51407792	82.2228884	74.52421849	55.00782658	90.25491444	92.76684458
F7019	45.57569193	39.68227581	68.1197041	66.28535298	59.23355125	49.03384169	76.46389807	65.00621153
F7025	57.08471501	52.3529636	69.46698541	82.9556821	72.17766114	57.65297885	81.77047775	87.8568868
F7028	59.28455145	46.23654667	76.4601812	73.87927994	65.22105934	47.35717929	89.70152651	73.02818704
F7057	60.4505266	46.41110575	70.90942521	72.1243248	56.45734163	46.24343726	79.07640528	77.49884397
F7058	54.44507443	45.37771031	68.39483148	74.40933938	62.56956239	49.4937654	87.88910021	85.88491309
F7081	53.75880233	49.15170475	66.26671268	75.36128203	67.90177137	52.63243583	86.23338562	94.47297182
F7082	56.85864929	50.70388146	67.77017973	83.0833784	67.95391315	48.07036154	85.34049006	80.10862782
F712	59.09560059	57.62211544	77.8671764	82.75344325	64.81054087	58.58000212	94.35806731	96.69561246
F748	51.33924584	43.60849554	63.33481636	73.10813173	59.92522882	51.76836774	85.58919678	79.22833474
F752	55.41857544	47.6318471	65.4250691	69.75454012	59.05351124	43.83885297	73.88015257	75.18156164
F838	60.2779186	46.44200027	69.39318489	69.99557348	64.26361738	51.14888527	82.71120692	86.50937966
F874	57.01233557	47.67681086	69.36439816	79.35253815	72.57328258	55.54851145	79.64976994	89.74786781
F888	47.30749886	45.08477471	65.89242319	69.39118669	67.44017697	50.12138691	71.79387918	97.42688709
F894	58.9445926	52.08600258	75.05542326	77.07494958	63.12581254	50.49541027	81.10115586	83.81442603
F908	45.43793724	39.68125929	56.28998799	72.72822895	61.3796129	50.86839085	72.84044691	75.19717149
F912	54.72541598	45.03530228	65.66897901	76.52568488	66.50955041	47.89522141	77.90227553	93.79284271
F918	58.99618561	58.39935837	72.13974629	81.31626117	64.72698561	68.57965794	81.63616548	91.42901963
F922	63.37595625	49.18240031	69.05897041	72.52577671	69.69491746	59.1847202	93.46213681	95.16330293
F98902	53.46137125	60.17307814	70.94345166	84.38065938	62.85831522	56.5383792	77.29944672	86.51996329
FP1	59.18792586	47.38792691	65.56640773	84.53999904	64.64236146	50.33966549	69.48385905	85.33830574
FR19	58.41503706	51.74811341	67.22153438	69.77723977	68.07600357	49.40811415	80.89194996	82.80498723
FR697	51.59936969	51.45364683	67.56620267	74.17208811	64.16699791	50.04773822	81.68308051	74.11904056
H99	56.03113543	50.56883568	69.73203825	89.25589695	66.23388237	53.6832978	82.79808102	75.33865445
HMV5301	53.51232196	45.70124651	70.86190791	80.32450036	65.34676988	47.89598803	96.08069831	78.95328263
HMV5325	55.36382548	51.39202562	76.24660056	80.17739508	66.90526165	54.37042308	95.559615	87.31830811
HMV5343	61.34781951	55.06664098	64.83992538	79.18273217	68.20172496	53.98198932	85.03165892	82.50820576
HMV5347	53.10488771	52.97551062	68.26585184	75.01885518	67.12176822	57.54577434	86.41305181	94.60305228
HMV5405	60.461726	45.69185645	68.28464566	72.48278775	60.03253661	49.16900563	72.1824025	86.9500133
HMV5409	60.93913194	51.37559226	64.28403723	80.02207218	68.96007141	53.230175	91.39587136	84.55306986
HMV5422	71.85348705	48.00381187	73.13638485	85.09911156	71.29236983	55.20460005	99.62642336	88.81439335
HMV5502	60.58140567	45.96169785	65.53054603	71.8421732	61.97905083	64.75872002	80.31463547	75.96677564
I198	52.9930503	50.87047679	70.0837603	74.23688	65.973968	57.25137007	86.64293775	91.09958009
I205	59.90072307	51.2950102	77.49179652	81.87617364	62.2080765	58.47379042	85.93471684	83.60275784
I211	58.63173666	48.98739061	68.48548894	75.39148672	68.77170941	53.64858965	88.77545736	84.33561438
I238	53.53309557	46.17310458	70.34058532	81.04371189	64.38649031	49.05847343	83.13223685	76.30190503
I242	49.30869917	48.57637589	72.44539533	82.73086102	58.30630659	51.76923971	78.42607416	81.56318593
I261	47.82314143	57.6095268	73.53809314	79.45247714	70.34648084	62.0902101	85.69323386	88.08145315
I267	49.00259834	50.30425344	68.88663296	74.89594154	65.47826109	50.5858395	75.55049223	81.29498585
IDT	51.01693518	54.23615874	64.14054177	79.17449681	58.51911502	54.83735769	71.90589046	64.64797022
LAN496	59.0477639	48.35906726	63.52660322	73.05920836	60.87203509	52.68371032	88.62483124	76.88263375
LH123Ht	51.44596565	44.16911999	72.17723082	72.75343189	53.58517921	42.06129233	76.24139241	77.35886287
LH145	48.62506883	48.31200235	67.14455246	75.98876533	62.87021244	49.29109978	76.92841876	64.5419482
LH38	49.63208563	43.96590474	71.7292266	56.71737072	62.69563766	50.12127795	86.60336257	78.86380507
LH39	53.83433081	48.46562773	72.0730787	72.89604553	64.94957392	53.05442648	83.82533613	84.35236433
LH59	53.12719737	49.84834365	71.12626482	79.74104625	60.7622959	53.34723034	80.43595161	78.08213981
LH60	40.06242955	49.13931416	73.26477939	69.7539159	54.56331965	45.48302892	79.29909712	75.03583181
LH65	62.72261659	53.20083432	66.53366888	76.1905777	69.43289413	49.07852466	83.11176886	86.82853119
LH74	47.37084465	43.68945284	65.02024668	68.38226251	56.04085747	40.02419836	71.44840063	77.31727793
LH82	55.59767583	47.59425588	68.77735158	69.35523379	65.88666959	51.79662222	75.11419487	74.78643317
LH93	51.66037262	46.92854252	63.07735284	66.51625684	67.97701888	47.22816894	75.01686434	78.93904942
Lo1016	54.08248781	45.89870675	61.72071726	76.8957016	61.6448361	49.37222724	75.47032829	85.00672236
Lo1026	59.89421809	52.0026606	76.52272769	83.13917249	65.13421095	54.43115102	77.45096749	78.7366828
Lo1035	47.3401135	42.49158959	62.26254918	70.42521868	63.53940309	44.14011765	70.57636003	79.9917228
Lo1038	56.33219881	51.22144902	72.26062906	82.25939894	61.75715645	54.77292335	94.47745442	73.24337767
Lo1056	57.29865516	58.57953935	69.5535745	81.86515898	72.03859223	58.29061004	100.524163	85.62321652
Lo1063	52.11852907	47.87947193	69.7586266	69.23226442	59.85964834	44.7940042	75.26554159	70.32686221
Lo1087	54.3692797	52.76021978	67.67545759	100.6853298	59.80995288	47.16270907	80.11148108	88.40775815
Lo1094	46.36767492	52.63976871	76.34930189	83.67224314	68.27904909	53.84374015	91.8009244	107.6455715
Lo1095	58.86315556	50.52525565	70.7616701	70.66814957	60.58420192	32.53399084	80.01432535	81.66484006
Lo1101	49.73288052	47.17567157	69.04323609	69.30483553	62.18449589	46.14869754	64.18411051	73.8705463
Lo1106	48.42055211	55.32190416	68.64677509	84.41125887	55.00708391	47.71519231	78.70928655	74.93635419
Lo1123	45.60517431	42.50661485	70.03116559	74.39719683	62.48399494	52.52335062	72.63032175	84.92192626
Lo1124	53.48866153	52.55399557	64.52700286	72.94239961	60.85956053	51.0956493	88.42108215	78.80373829
Lo1172	52.52568297	45.95363205	67.44140932	72.1827269	58.89579146	48.21354825	85.4612216	88.38329272
Lo1180	63.07382699	47.72469728	71.8150812	90.68112036	71.70826984	49.81401586	81.03720407	82.27460186
Lo1187	51.38994812	51.35690492	71.9692007	85.50460447	71.63266759	40.35387176	74.10564297	93.68720128
Lo1199	49.97650316	51.95278624	75.18924294	78.4951179	54.72330262	51.62074019	80.3440916	84.28465451
Lo1203	56.99557335	49.37761642	72.07030704	76.42618914	67.88291681	43.52212872	79.93710032	81.16294018
Lo1223	56.24695126	50.82954195	70.00685276	84.89219822	64.78605331	57.5360741	86.535043	90.47980428
Lo1251	51.8599641	53.06293612	68.20424448	74.00353694	67.03806506	51.68427641	82.4302006	86.22942193
Lo1253	51.17965258	45.62703977	69.19280265	78.93632737	69.18982766	51.41986779	78.65639669	82.81590824
Lo1261	54.93383165	50.29068102	69.19103138	83.93179336	62.05748889	52.82307086	80.03677286	79.78683555
Lo1266	50.90665525	46.35188048	71.27944248	84.04326447	64.24311867	46.2963428	78.19142184	79.57433451
Lo1270	51.79748853	53.24683659	72.47651513	81.5122483	69.61403941	54.53653811	96.99863711	87.42132234
Lo1273	55.79157145	50.09807031	69.9424844	74.51791809	62.4738487	48.61449072	89.09455933	85.84844853
Lo1274	56.5709202	48.2318525	75.41947308	76.91611797	63.3306627	58.92166181	80.62753391	90.7764983
Lo1280	51.48873037	49.09630031	71.56627756	77.50684699	60.81880433	49.05167329	82.49251934	87.40684231
Lo1284	49.29284905	40.52372041	69.22280919	75.59550547	59.15038296	48.75432003	77.91578421	71.44285559
Lo1288	58.89416026	60.56786418	84.10831414	88.47740722	69.24583201	51.76905171	92.3442649	93.15005908
Lo1290	49.52802915	45.96383186	68.20768711	66.92073552	54.72713859	49.55504381	80.04680595	68.24833826
Lo1301	49.49855788	47.34002392	68.54150716	79.21403428	65.39357241	50.99086873	77.83372863	85.5262338
Lo904	49.50502431	48.86471098	68.41580087	80.48528722	64.01167058	54.62280476	78.66565628	83.66333527
Lp5	48.41269344	47.30257697	66.42648393	80.39104416	62.1829868	48.22864001	73.40928602	73.8311409
ML606	55.19737344	43.56192955	68.24300858	78.41360398	69.06318987	46.75899186	83.08157017	87.69362355
Mo15W	95.86901878	58.84363779	73.41817466	84.69807454	72.92538693	49.48487604	81.19290046	86.54084991
Mo17	58.17025781	51.93487012	65.92800513	62.87299686	61.30469739	51.6999709	81.61258758	71.27422048
MS153	65.62286741	54.85579468	74.66050508	67.86477961	69.40414939	54.0982675	85.89088688	88.0267435
MS71	51.44237374	45.621888	65.76233262	72.46758607	68.26332601	49.04994727	76.56900843	93.83145735
N16	58.28074906	52.86165956	68.17204702	79.8879147	66.80545135	53.325418	84.70016064	87.99367647
N192	54.60166859	47.28699853	67.82841958	74.5000216	59.88696881	51.17039531	64.93310846	78.48670211
N22	54.43149406	48.34041721	67.72296214	70.2223551	64.88645644	57.66227693	75.3355423	69.42826825
N25	44.29172428	48.53529106	69.92219379	73.15727354	59.23908635	46.80584126	77.93321244	77.032969
N6	67.75530317	55.87587784	68.84480817	74.4852501	74.43798432	55.95115583	89.50623589	95.45869259
NC290	59.85700315	56.72378546	71.70210341	74.95350764	67.67788256	52.79971413	96.43241035	85.2481763
NC358	64.98192728	48.34603102	71.45989936	76.74929705	65.66777978	47.36425055	82.1716769	92.67948123
NDB8	62.94766788	53.81311954	78.61740212	76.84288495	71.7327752	47.03917581	97.36720074	90.39363516
NK764	52.37288489	48.3944652	64.14851855	71.42053402	56.62511528	47.832337	72.16963853	75.95479015
NK807	63.06207534	43.47283331	77.24137673	81.79520346	72.48941841	51.99910305	85.528185	79.67728101
NQ508	63.20916792	48.1637907	71.47025842	76.78730582	65.31192348	51.61377912	86.94783743	86.75901379
NS701	50.11983235	47.72455064	70.45231925	74.38904037	62.13208454	49.66785943	75.93315197	74.76535626
Oh02	63.94078468	56.29429206	78.40279119	79.64789543	68.35807387	48.73566192	91.19950578	92.59577923
Oh33	53.20404354	53.28180468	70.31012814	86.86103475	73.11203742	60.14840318	89.13449858	104.6113899
Oh40B	53.79538495	51.26549071	77.83297326	82.66611749	66.18946043	51.92545872	85.47446884	89.01673406
Oh43	56.17766301	50.19448748	72.54940899	54.96295161	66.9028706	50.94270347	84.38618153	65.23974892
Os426	49.99467907	47.0194689	64.02507465	80.85392224	66.86029264	54.16123082	71.00083709	90.80133757
P465P	51.54062042	53.46528336	71.88869379	79.69185404	67.1341564	51.78823809	81.58228326	97.57287884
Pa36	51.55530741	48.29453193	73.28386551	73.81194754	64.40089835	56.0409008	82.4894745	78.3883565
Pa405	63.14203876	51.24304405	72.21776892	84.19945786	73.50868978	50.31789607	96.09740562	92.36626433
Pa91	51.16227377	49.42603237	76.25964686	79.4203563	56.81581018	52.91763639	90.76143528	85.11493673
PB116	53.22886516	53.05534751	68.02211971	84.30122916	70.08358965	55.25908663	87.74139717	87.84015138
PB98TR	64.04520414	54.97577788	77.43298431	82.85879751	71.42389096	59.99443619	84.11867701	92.88844302
PH207	83.14524634	46.34523916	63.47447884	71.74299657	58.9594094	50.56438905	79.19483178	74.94661065
PHB09	55.86048851	52.44479074	67.02506602	83.98425861	65.61932482	58.29194742	80.66521092	80.66561164
PHG35	59.25997135	46.78708119	64.00378377	72.48415595	60.72997454	44.95360515	77.19649578	74.81954279
PHG39	59.95834276	43.96538976	73.34465206	69.38988704	60.48855295	49.04630781	74.75186695	82.22503228
PHG47	54.64237056	52.52178728	70.63078188	80.76649522	68.08943665	53.10022166	90.25701054	87.1977207
PHG50	54.15880539	46.99309439	63.39811283	69.6528235	69.01974299	49.48114973	81.37987348	83.04477271
PHG71	53.39103769	49.57807923	67.65120915	69.4918618	64.03574898	45.62855482	71.62732138	86.88614868
PHG80	60.6042687	55.4276947	76.18838022	79.46065488	72.92699825	51.67973454	84.772035	84.90902436
PHG84	51.96529934	44.71199425	72.79886299	69.80422824	58.78398976	46.25307682	75.59656751	84.23982395
PHG86	55.49469235	53.38071681	65.68943538	72.63570557	64.86874755	51.85463763	87.62107399	81.79255818
PHH93	63.77920407	47.02551172	66.63408561	73.81604896	64.47468729	51.61123361	82.9052769	82.7779453
PHJ40	50.84495552	55.13605099	67.98752614	85.46587548	65.87373698	51.83051891	69.55779238	92.47641793
PHK29	41.2914995	52.64716727	67.20710212	73.89476729	58.93650173	47.14770667	75.20573572	73.90725242
PHK76	56.15762314	57.91956066	68.33765321	81.31093328	61.21549244	48.0515634	86.59689601	81.39006839
PHR36	53.54181093	50.7892704	70.47512979	73.71268072	64.1740439	57.23144349	81.70576747	85.87178717
PHT77	54.35778962	51.1625336	67.52425471	80.12415319	58.74458774	49.69065478	88.93129912	83.80356077
PHV63	56.89872746	56.20804662	79.69358642	80.7261235	71.35617469	52.94859669	97.72862672	80.25549267
PHW65	62.78019054	50.45170329	69.75389528	78.20560444	59.07345054	46.18749033	80.51652234	84.69107812
PHZ51	54.41229057	50.21647633	68.3456685	77.92321823	66.32277422	67.8686471	81.37610663	97.13960132
SC-Malawi	54.76370497	57.74191355	66.06819761	90.09286292	64.96422569	60.67305724	84.20568629	96.68965967
SGI061	57.00390499	46.57012071	72.19528969	77.38404174	66.07488368	48.93737777	83.1932028	74.9531173
UH_2500	58.2793407	43.54635619	80.71524378	84.89288627	68.98889948	48.47107936	90.99996105	88.05767033
UH_6102	58.79727077	45.76637603	60.85231746	71.89651964	71.14565761	51.1519691	75.37881869	80.29448403
UH_6179	62.27573267	44.58115069	64.67092502	63.12978491	66.09734137	41.95668032	77.63600493	81.94871537
UH_P060	55.95860936	42.18945372	64.35683897	71.65753233	59.84671268	46.73344152	77.20717382	72.20844483
UH_P064	53.22506999	40.22900367	65.80419781	71.08877531	61.16774315	44.03673515	77.43486226	84.87608887
UH_P074	64.84010258	47.25518541	65.51378548	78.30986569	66.98029316	54.40733594	87.66774484	70.72834053
UH_P087	58.90882647	41.64826761	67.44905818	76.79855408	65.22562871	44.0329459	81.28986984	72.19589856
UH_P089	54.09192148	43.84612656	75.86237993	69.87975244	68.02508556	57.18213525	87.55055014	74.46817049
UH_P104	54.26903276	35.231694	69.87049416	71.79471462	60.61772941	46.61947623	78.92001542	81.68441461
UH_P115	55.17742278	42.82584358	75.54659524	80.50272833	63.73778617	47.17479554	91.87013184	104.0821994
UH_P128	59.64413728	43.46729987	72.83135739	78.42178711	73.70853759	49.75926655	87.48535314	84.70021042
UH_P148	60.51641128	45.20907804	60.5175959	73.20564154	68.96961024	43.26223298	90.87657818	84.11894992
UH_S018	50.64533978	54.52345982	74.16781272	67.14156488	56.72721835	53.26796296	84.65138767	88.13329009
UH_S020	45.61955292	48.19648709	79.21938144	80.72487273	58.03492774	33.23607097	71.93037428	81.72102869
UH_S025	53.2165086	52.8096114	71.71457673	79.30208085	69.98893762	48.93869024	94.24586065	96.56096801
UH250	74.32153347	48.24573032	74.63701308	78.67197157	62.13822134	56.19413646	91.9532442	85.38784909
UH304	47.36806926	42.36681506	64.87239862	87.51428797	62.53281412	51.57094352	89.02773916	77.61597712
Va26	50.53413191	51.37970658	66.69447518	73.01055033	64.12605278	54.59057654	86.75880171	98.57578675
W117	63.11226165	46.17645021	80.87888635	57.20194753	68.34570044	54.51132546	87.32560655	85.64658617
W153R	57.61256105	40.07257237	59.47481957	77.88362852	57.42169333	51.13539521	76.40572422	86.85998611
W182E	58.80506518	53.66095451	87.56019849	80.34332189	70.36865822	63.17605798	101.2551623	95.3830671
W23	51.02553934	48.02771742	73.28177952	85.87466288	61.65700264	45.54898142	84.16818102	95.51807571
W602S	64.9439142	43.80637372	67.72095916	82.29231375	61.48601739	50.79915614	83.68208375	77.69379006
W604S	51.97949549	53.51141815	72.47078531	86.8108563	66.4323597	56.42605913	85.65401155	89.69154166
W64A	56.9987698	47.62345152	78.40903859	77.96220266	65.12856673	51.2673772	83.00848381	72.23174799
W9	64.30451214	52.43068312	71.90903053	60.23621906	66.546812	48.24368905	84.79844838	60.09182082
W95115	56.87809218	46.53311617	70.82346288	75.25303841	67.21516204	52.8673512	83.0012593	87.0666936
Wf9	58.02876102	46.56065199	75.98131119	78.91626662	63.13984964	49.8069259	88.13046223	88.49591502
